  -1.5668693e+00   9.2044418e-02
  -1.5590154e+00   9.3996805e-02
  -1.5511614e+00   9.6924062e-02
  -1.5433074e+00   9.7016264e-02
  -1.5354534e+00   1.0088687e-01
  -1.5275994e+00   9.9738878e-02
  -1.5197454e+00   1.0481847e-01
  -1.5118915e+00   1.0496319e-01
  -1.5040375e+00   1.0453604e-01
  -1.4961835e+00   1.0937887e-01
  -1.4883295e+00   1.0846967e-01
  -1.4804755e+00   1.1311469e-01
  -1.4726216e+00   1.1716046e-01
  -1.4647676e+00   1.1693793e-01
  -1.4569136e+00   1.1984700e-01
  -1.4490596e+00   1.2235190e-01
  -1.4412056e+00   1.2368804e-01
  -1.4333516e+00   1.2733480e-01
  -1.4254977e+00   1.2866020e-01
  -1.4176437e+00   1.3250607e-01
  -1.4097897e+00   1.3329615e-01
  -1.4019357e+00   1.3710773e-01
  -1.3940817e+00   1.3956887e-01
  -1.3862278e+00   1.4198485e-01
  -1.3783738e+00   1.4583984e-01
  -1.3705198e+00   1.4735278e-01
  -1.3626658e+00   1.5035177e-01
  -1.3548118e+00   1.5379627e-01
  -1.3469579e+00   1.5780010e-01
  -1.3391039e+00   1.6289903e-01
  -1.3312499e+00   1.6566157e-01
  -1.3233959e+00   1.7052059e-01
  -1.3155419e+00   1.7402969e-01
  -1.3076879e+00   1.7644405e-01
  -1.2998340e+00   1.7956319e-01
  -1.2919800e+00   1.8507053e-01
  -1.2841260e+00   1.8893770e-01
  -1.2762720e+00   1.9488016e-01
  -1.2684180e+00   1.9742485e-01
  -1.2605641e+00   2.0437665e-01
  -1.2527101e+00   2.0783041e-01
  -1.2448561e+00   2.1296449e-01
  -1.2370021e+00   2.1685847e-01
  -1.2291481e+00   2.2178521e-01
  -1.2212941e+00   2.2801152e-01
  -1.2134402e+00   2.3375920e-01
  -1.2055862e+00   2.3799630e-01
  -1.1977322e+00   2.4546105e-01
  -1.1898782e+00   2.5065476e-01
  -1.1820242e+00   2.5810243e-01
  -1.1741703e+00   2.6510542e-01
  -1.1663163e+00   2.6888242e-01
  -1.1584623e+00   2.7689381e-01
  -1.1506083e+00   2.8440232e-01
  -1.1427543e+00   2.8968970e-01
  -1.1349003e+00   2.9683515e-01
  -1.1270464e+00   3.0545024e-01
  -1.1191924e+00   3.1598654e-01
  -1.1113384e+00   3.2489659e-01
  -1.1034844e+00   3.3107309e-01
  -1.0956304e+00   3.3994539e-01
  -1.0877765e+00   3.4952053e-01
  -1.0799225e+00   3.5937005e-01
  -1.0720685e+00   3.6892228e-01
  -1.0642145e+00   3.8031658e-01
  -1.0563605e+00   3.8834027e-01
  -1.0485065e+00   3.9705250e-01
  -1.0406526e+00   4.1119580e-01
  -1.0327986e+00   4.1884728e-01
  -1.0249446e+00   4.3042716e-01
  -1.0170906e+00   4.4365314e-01
  -1.0092366e+00   4.5487002e-01
  -1.0013827e+00   4.6705383e-01
  -9.9352868e-01   4.7963319e-01
  -9.8567470e-01   4.9128800e-01
  -9.7782071e-01   5.0470909e-01
  -9.6996673e-01   5.1805974e-01
  -9.6211275e-01   5.3461673e-01
  -9.5425877e-01   5.4748068e-01
  -9.4640479e-01   5.6155651e-01
  -9.3855081e-01   5.7908962e-01
  -9.3069682e-01   5.9409632e-01
  -9.2284284e-01   6.0920770e-01
  -9.1498886e-01   6.2739302e-01
  -9.0713488e-01   6.4457360e-01
  -8.9928090e-01   6.6211564e-01
  -8.9142692e-01   6.7893538e-01
  -8.8357293e-01   6.9758724e-01
  -8.7571895e-01   7.1637488e-01
  -8.6786497e-01   7.3631473e-01
  -8.6001099e-01   7.5648872e-01
  -8.5215701e-01   7.7794072e-01
  -8.4430303e-01   7.9650120e-01
  -8.3644904e-01   8.1781131e-01
  -8.2859506e-01   8.4009880e-01
  -8.2074108e-01   8.6378989e-01
  -8.1288710e-01   8.8510727e-01
  -8.0503312e-01   9.0984064e-01
  -7.9717914e-01   9.3211798e-01
  -7.8932515e-01   9.5647867e-01
  -7.8147117e-01   9.8417323e-01
  -7.7361719e-01   1.0087946e+00
  -7.6576321e-01   1.0346287e+00
  -7.5790923e-01   1.0607501e+00
  -7.5005525e-01   1.0873853e+00
  -7.4220126e-01   1.1169635e+00
  -7.3434728e-01   1.1452864e+00
  -7.2649330e-01   1.1713252e+00
  -7.1863932e-01   1.2014335e+00
  -7.1078534e-01   1.2322820e+00
  -7.0293136e-01   1.2647661e+00
  -6.9507737e-01   1.2948706e+00
  -6.8722339e-01   1.3275494e+00
  -6.7936941e-01   1.3579896e+00
  -6.7151543e-01   1.3919290e+00
  -6.6366145e-01   1.4242724e+00
  -6.5580747e-01   1.4570137e+00
  -6.4795348e-01   1.4937398e+00
  -6.4009950e-01   1.5285570e+00
  -6.3224552e-01   1.5633788e+00
  -6.2439154e-01   1.5997428e+00
  -6.1653756e-01   1.6361874e+00
  -6.0868358e-01   1.6746747e+00
  -6.0082959e-01   1.7108048e+00
  -5.9297561e-01   1.7506226e+00
  -5.8512163e-01   1.7884069e+00
  -5.7726765e-01   1.8276009e+00
  -5.6941367e-01   1.8665567e+00
  -5.6155969e-01   1.9066374e+00
  -5.5370571e-01   1.9472717e+00
  -5.4585172e-01   1.9879096e+00
  -5.3799774e-01   2.0294054e+00
  -5.3014376e-01   2.0711329e+00
  -5.2228978e-01   2.1122808e+00
  -5.1443580e-01   2.1544242e+00
  -5.0658182e-01   2.1957331e+00
  -4.9872783e-01   2.2424027e+00
  -4.9087385e-01   2.2841582e+00
  -4.8301987e-01   2.3288880e+00
  -4.7516589e-01   2.3720415e+00
  -4.6731191e-01   2.4172528e+00
  -4.5945793e-01   2.4609586e+00
  -4.5160394e-01   2.5063822e+00
  -4.4374996e-01   2.5495964e+00
  -4.3589598e-01   2.5944575e+00
  -4.2804200e-01   2.6381763e+00
  -4.2018802e-01   2.6823238e+00
  -4.1233404e-01   2.7262149e+00
  -4.0448005e-01   2.7712551e+00
  -3.9662607e-01   2.8190296e+00
  -3.8877209e-01   2.8605366e+00
  -3.8091811e-01   2.9068038e+00
  -3.7306413e-01   2.9506750e+00
  -3.6521015e-01   2.9954355e+00
  -3.5735616e-01   3.0384520e+00
  -3.4950218e-01   3.0820876e+00
  -3.4164820e-01   3.1263980e+00
  -3.3379422e-01   3.1685437e+00
  -3.2594024e-01   3.2118448e+00
  -3.1808626e-01   3.2553772e+00
  -3.1023227e-01   3.2965151e+00
  -3.0237829e-01   3.3367793e+00
  -2.9452431e-01   3.3780820e+00
  -2.8667033e-01   3.4202288e+00
  -2.7881635e-01   3.4569153e+00
  -2.7096237e-01   3.4983029e+00
  -2.6310838e-01   3.5381775e+00
  -2.5525440e-01   3.5746134e+00
  -2.4740042e-01   3.6120617e+00
  -2.3954644e-01   3.6493442e+00
  -2.3169246e-01   3.6864200e+00
  -2.2383848e-01   3.7199862e+00
  -2.1598449e-01   3.7525343e+00
  -2.0813051e-01   3.7862914e+00
  -2.0027653e-01   3.8178691e+00
  -1.9242255e-01   3.8498864e+00
  -1.8456857e-01   3.8777765e+00
  -1.7671459e-01   3.9085378e+00
  -1.6886061e-01   3.9383908e+00
  -1.6100662e-01   3.9655250e+00
  -1.5315264e-01   3.9898328e+00
  -1.4529866e-01   4.0166659e+00
  -1.3744468e-01   4.0401917e+00
  -1.2959070e-01   4.0636948e+00
  -1.2173672e-01   4.0843062e+00
  -1.1388273e-01   4.1033947e+00
  -1.0602875e-01   4.1224244e+00
  -9.8174770e-02   4.1397999e+00
  -9.0320789e-02   4.1577051e+00
  -8.2466807e-02   4.1734366e+00
  -7.4612826e-02   4.1859685e+00
  -6.6758844e-02   4.1985369e+00
  -5.8904862e-02   4.2094281e+00
  -5.1050881e-02   4.2175302e+00
  -4.3196899e-02   4.2268481e+00
  -3.5342917e-02   4.2346930e+00
  -2.7488936e-02   4.2410441e+00
  -1.9634954e-02   4.2440845e+00
  -1.1780972e-02   4.2465245e+00
  -3.9269908e-03   4.2480384e+00
   3.9269908e-03   4.2499413e+00
   1.1780972e-02   4.2480161e+00
   1.9634954e-02   4.2450721e+00
   2.7488936e-02   4.2414976e+00
   3.5342917e-02   4.2359668e+00
   4.3196899e-02   4.2274856e+00
   5.1050881e-02   4.2180078e+00
   5.8904862e-02   4.2085189e+00
   6.6758844e-02   4.1997613e+00
   7.4612826e-02   4.1868648e+00
   8.2466807e-02   4.1711973e+00
   9.0320789e-02   4.1570519e+00
   9.8174770e-02   4.1409733e+00
   1.0602875e-01   4.1234392e+00
   1.1388273e-01   4.1042761e+00
   1.2173672e-01   4.0832752e+00
   1.2959070e-01   4.0637533e+00
   1.3744468e-01   4.0394911e+00
   1.4529866e-01   4.0152044e+00
   1.5315264e-01   3.9892024e+00
   1.6100662e-01   3.9637713e+00
   1.6886061e-01   3.9405875e+00
   1.7671459e-01   3.9089468e+00
   1.8456857e-01   3.8816991e+00
   1.9242255e-01   3.8493549e+00
   2.0027653e-01   3.8195771e+00
   2.0813051e-01   3.7856914e+00
   2.1598449e-01   3.7523890e+00
   2.2383848e-01   3.7193856e+00
   2.3169246e-01   3.6842718e+00
   2.3954644e-01   3.6490724e+00
   2.4740042e-01   3.6113583e+00
   2.5525440e-01   3.5751604e+00
   2.6310838e-01   3.5359309e+00
   2.7096237e-01   3.4988093e+00
   2.7881635e-01   3.4593631e+00
   2.8667033e-01   3.4191090e+00
   2.9452431e-01   3.3773011e+00
   3.0237829e-01   3.3357240e+00
   3.1023227e-01   3.2952958e+00
   3.1808626e-01   3.2540845e+00
   3.2594024e-01   3.2100663e+00
   3.3379422e-01   3.1693737e+00
   3.4164820e-01   3.1273806e+00
   3.4950218e-01   3.0818910e+00
   3.5735616e-01   3.0385306e+00
   3.6521015e-01   2.9937170e+00
   3.7306413e-01   2.9505482e+00
   3.8091811e-01   2.9054099e+00
   3.8877209e-01   2.8628686e+00
   3.9662607e-01   2.8180389e+00
   4.0448005e-01   2.7728593e+00
   4.1233404e-01   2.7276569e+00
   4.2018802e-01   2.6848691e+00
   4.2804200e-01   2.6363970e+00
   4.3589598e-01   2.5942708e+00
   4.4374996e-01   2.5500298e+00
   4.5160394e-01   2.5049481e+00
   4.5945793e-01   2.4619017e+00
   4.6731191e-01   2.4156320e+00
   4.7516589e-01   2.3724965e+00
   4.8301987e-01   2.3300319e+00
   4.9087385e-01   2.2842374e+00
   4.9872783e-01   2.2431171e+00
   5.0658182e-01   2.1970951e+00
   5.1443580e-01   2.1559407e+00
   5.2228978e-01   2.1152287e+00
   5.3014376e-01   2.0723256e+00
   5.3799774e-01   2.0301066e+00
   5.4585172e-01   1.9890870e+00
   5.5370571e-01   1.9470382e+00
   5.6155969e-01   1.9059776e+00
   5.6941367e-01   1.8653467e+00
   5.7726765e-01   1.8284422e+00
   5.8512163e-01   1.7867772e+00
   5.9297561e-01   1.7504251e+00
   6.0082959e-01   1.7100346e+00
   6.0868358e-01   1.6746568e+00
   6.1653756e-01   1.6372420e+00
   6.2439154e-01   1.6004586e+00
   6.3224552e-01   1.5637591e+00
   6.4009950e-01   1.5297744e+00
   6.4795348e-01   1.4942759e+00
   6.5580747e-01   1.4576530e+00
   6.6366145e-01   1.4243729e+00
   6.7151543e-01   1.3918671e+00
   6.7936941e-01   1.3581876e+00
   6.8722339e-01   1.3273164e+00
   6.9507737e-01   1.2932202e+00
   7.0293136e-01   1.2638064e+00
   7.1078534e-01   1.2333748e+00
   7.1863932e-01   1.2029306e+00
   7.2649330e-01   1.1733343e+00
   7.3434728e-01   1.1427984e+00
   7.4220126e-01   1.1174522e+00
   7.5005525e-01   1.0878451e+00
   7.5790923e-01   1.0594773e+00
   7.6576321e-01   1.0330712e+00
   7.7361719e-01   1.0064885e+00
   7.8147117e-01   9.8142528e-01
   7.8932515e-01   9.5794581e-01
   7.9717914e-01   9.3252334e-01
   8.0503312e-01   9.0910282e-01
   8.1288710e-01   8.8631398e-01
   8.2074108e-01   8.6196144e-01
   8.2859506e-01   8.4103266e-01
   8.3644904e-01   8.1825417e-01
   8.4430303e-01   7.9681987e-01
   8.5215701e-01   7.7662818e-01
   8.6001099e-01   7.5580429e-01
   8.6786497e-01   7.3557128e-01
   8.7571895e-01   7.1850719e-01
   8.8357293e-01   6.9798963e-01
   8.9142692e-01   6.7956721e-01
   8.9928090e-01   6.6120819e-01
   9.0713488e-01   6.4266470e-01
   9.1498886e-01   6.2835435e-01
   9.2284284e-01   6.0954819e-01
   9.3069682e-01   5.9446385e-01
   9.3855081e-01   5.7866959e-01
   9.4640479e-01   5.6443901e-01
   9.5425877e-01   5.4812337e-01
   9.6211275e-01   5.3304249e-01
   9.6996673e-01   5.1917075e-01
   9.7782071e-01   5.0613173e-01
   9.8567470e-01   4.9243691e-01
   9.9352868e-01   4.7815571e-01
   1.0013827e+00   4.6801954e-01
   1.0092366e+00   4.5421551e-01
   1.0170906e+00   4.4526817e-01
   1.0249446e+00   4.3111720e-01
   1.0327986e+00   4.1959068e-01
   1.0406526e+00   4.0896285e-01
   1.0485065e+00   3.9844175e-01
   1.0563605e+00   3.8841507e-01
   1.0642145e+00   3.8043748e-01
   1.0720685e+00   3.6609946e-01
   1.0799225e+00   3.5754332e-01
   1.0877765e+00   3.4865877e-01
   1.0956304e+00   3.4070494e-01
   1.1034844e+00   3.3133533e-01
   1.1113384e+00   3.2384040e-01
   1.1191924e+00   3.1370070e-01
   1.1270464e+00   3.0829866e-01
   1.1349003e+00   2.9969421e-01
   1.1427543e+00   2.9227112e-01
   1.1506083e+00   2.8344342e-01
   1.1584623e+00   2.7702401e-01
   1.1663163e+00   2.7093754e-01
   1.1741703e+00   2.6336368e-01
   1.1820242e+00   2.5849676e-01
   1.1898782e+00   2.5078805e-01
   1.1977322e+00   2.4456196e-01
   1.2055862e+00   2.3992444e-01
   1.2134402e+00   2.3284225e-01
   1.2212941e+00   2.2915730e-01
   1.2291481e+00   2.2128721e-01
   1.2370021e+00   2.1684085e-01
   1.2448561e+00   2.1453449e-01
   1.2527101e+00   2.0672684e-01
   1.2605641e+00   2.0233057e-01
   1.2684180e+00   1.9843630e-01
   1.2762720e+00   1.9401217e-01
   1.2841260e+00   1.9221407e-01
   1.2919800e+00   1.8644255e-01
   1.2998340e+00   1.8041699e-01
   1.3076879e+00   1.7758952e-01
   1.3155419e+00   1.7446397e-01
   1.3233959e+00   1.6922337e-01
   1.3312499e+00   1.6318371e-01
   1.3391039e+00   1.6174939e-01
   1.3469579e+00   1.5730439e-01
   1.3548118e+00   1.5583429e-01
   1.3626658e+00   1.5188315e-01
   1.3705198e+00   1.4987546e-01
   1.3783738e+00   1.4473659e-01
   1.3862278e+00   1.4391666e-01
   1.3940817e+00   1.3869724e-01
   1.4019357e+00   1.3855027e-01
   1.4097897e+00   1.3447383e-01
   1.4176437e+00   1.3282070e-01
   1.4254977e+00   1.2760782e-01
   1.4333516e+00   1.2737777e-01
   1.4412056e+00   1.2346873e-01
   1.4490596e+00   1.2014026e-01
   1.4569136e+00   1.2062195e-01
   1.4647676e+00   1.1751487e-01
   1.4726216e+00   1.1475122e-01
   1.4804755e+00   1.1300168e-01
   1.4883295e+00   1.1021086e-01
   1.4961835e+00   1.0731036e-01
   1.5040375e+00   1.0459077e-01
   1.5118915e+00   1.0306899e-01
   1.5197454e+00   1.0244889e-01
   1.5275994e+00   1.0177238e-01
   1.5354534e+00   9.9224415e-02
   1.5433074e+00   9.7738638e-02
   1.5511614e+00   9.5469097e-02
   1.5590154e+00   9.4598618e-02
   1.5668693e+00   9.3504083e-02
